100
3194.361667164418 331.12179273314666 -287.534240861013 122.83228809188326 91.75420999414276 236.22240151049516 -264.7456642797603 -396.0028389110331 -237.44413521526707 170.09698475885125 -6.141868762061513 249.16139779636285 80.78036400477362 -72.04117742635688 -255.03774670752568 96.1791908191818 -210.53401460904826 -300.2421228828378 -219.77993886799953 -655.5618996908739 -494.7765961090388 -423.9783748938619 -130.85550551265436 -560.4255978589133 3.5290904464182162 -97.4033714455937 301.6918614278656 23.608916953469894 -581.0235199387942 -147.14777727512495 121.9181062805884 197.6797818585527 74.3285577364259 -124.47036286263767 -178.64178034651496 -301.6395718262413 421.70771223528317 225.55382428351754 -201.8049427555586 -142.0284968979212 46.85238414827363 470.5203398419061 -52.79743448499312 177.1081338952133 -31.635892898225222 -238.26605886184095 -120.44942202983367 -142.85056903827174 69.4875878560008 -547.2758452542087 -114.14551483171863 157.3255678571054 297.85389650220316 36.17881686119124 -177.1743611161898 -62.230113604218715 12.900843398043628 175.60917153463467 -141.59406483654996 -203.1010772225015 -241.86833730990605 -529.9347914212685 613.6342122913867 120.8855285576436 -831.9254944278258 -376.35871369353396 -315.06525448921025 60.00653369578153 516.0259319942835 45.724283390046615 388.8545686127591 -530.8021177961696 373.06867117604 111.41975644187517 -127.79438345181106 -84.9859242720559 344.30045160004147 151.64206860227813 -360.2036813150558 454.77846442665253 -351.121388541717 -140.7329755116497 140.70163256181175 -97.39048347185769 567.3721819572338 -43.52022307264075 101.1333616558386 272.6116885361315 -75.91430697445665 370.1410140550283 222.19943209989736 -189.5898259833009 512.0286808798246 105.36883178387885 -167.72002597095502 125.40491934432134 87.34613080905888 -261.5059076869707 -460.7182058264965 28.968163675423412
331.12179273314666 3881.372046122244 30.537037214610816 141.21309663243795 -117.85711081079108 594.5076210376549 596.462210663201 507.2554502920457 463.35448435798867 27.97315336101427 -133.12269374290386 380.28364376188546 305.70063196356085 -257.3163105324533 382.2828999764233 -11.532862784686714 364.42645569935166 873.377501258682 235.28095569693102 -539.6708750454973 69.01560740732482 -16.575110372000353 650.8261748356125 151.48123718377704 -3.1886992142063058 -160.91135875235528 210.0325866164736 354.7633055627726 -46.78783545483526 270.2960747720469 -262.3312272205562 537.0396861454 -483.28064651643353 -345.0879844305065 -441.4290040422923 -233.5278799427944 40.87448760158367 263.4908108039439 -148.35196902013027 388.3620298871649 -39.642088434488315 -319.97027042810276 -118.44627482126728 123.02098281382308 -271.04693718870936 -792.3351999546542 243.59053297450401 -248.11107176358715 419.0672680199375 -354.5169081361096 -10.921537146708571 -458.297881240398 -364.64765281647374 -612.6233089327636 -722.0176117373063 -718.8370005909429 783.7196171391738 503.9782658317674 547.017915725418 263.78695000463426 -410.7394995972575 -387.8735975001702 199.82785252515126 594.2989288366889 -56.74499589685298 -363.0408458323133 692.853313275662 -229.51020653251805 -205.87125134195153 -120.16330555928695 -204.68307247469153 -729.251331824903 37.80427517966274 400.06614774421416 531.5066493939223 -19.866851590111324 552.2870599269135 -44.2565736776625 59.89608800213725 -149.30126422533243 -150.72015015068143 220.28605754267485 24.22467414628951 319.5296901669109 139.06252937224934 -24.44543139875883 -94.70135745813562 295.68503380132154 359.5522337490776 381.3062108127791 205.93651120053735 371.81437650114464 -735.3836508673435 -297.90717238270855 332.8517440714839 -273.06369282732794 -265.69055329374623 -12.214888315694111 -60.418684097847645 -261.56500546101364
-287.534240861013 30.537037214610816 3042.6779815534737 482.40328993365927 -368.0086515210642 -96.0061759967983 -707.0983817000366 -68.54747178344725 -452.5214754853108 -574.4021566961453 268.15634363184705 95.71375399884651 -237.74320506817227 -31.628407343387 498.30670154448455 171.23759980215408 67.44229667413259 -113.48594195640933 565.3809710739148 98.40276190443852 -380.67547821055666 -320.12895059645723 638.6821758793005 147.64305676764408 -63.16537068205367 -388.6074803369767 588.9853904943843 247.6592751596051 656.9841476294741 65.98375047398245 -170.55582669205796 -128.94785435215138 404.4008203479962 -17.949013378339462 300.94329656147124 -33.2751691244587 -308.8112626132976 -75.59489572020915 -81.42752999388084 -395.9187808045953 -171.51116458509884 13.570154570962988 343.4100837187227 215.84830211982018 35.2737965971775 -151.5031352195415 225.7122867539203 789.3574124383425 -334.7473601385616 20.577197921603123 -183.4894893352304 -276.8949960009928 107.28282589732713 -177.5155906513698 220.82524721724582 -523.4825864155197 449.82869989012977 -465.64743867159115 -366.12219325837276 322.8286400136723 -314.7766847785092 705.8750781218981 -128.77656916714352 -314.58152958428644 -178.32070540686652 -250.4520233984685 -344.9221043741171 176.49851351048778 -351.1955261996342 22.58447761547241 -458.6226043100309 -475.12570333468926 -100.72531446933299 -117.07267381376582 -51.09945062964419 -66.91319788386372 247.98435929717056 -112.12923969625547 203.43074610701228 60.25386703251307 109.98910135894516 -125.66641255299494 -67.12187536521634 88.75330097529651 -45.01508923947472 -43.360083423638486 -53.64549776498977 170.88361715887015 13.379240321408435 369.7486004533431 -175.89371879117004 235.0165993219511 -257.5296121859601 -29.14062325975093 -449.0980025564021 170.23482578826778 115.62744466998399 358.5087729769074 -178.3079735158032 -103.95268344852913
122.83228809188326 141.21309663243795 482.40328993365927 3522.6240459487112 -228.90012391034378 265.0228105811377 77.26527725755969 36.535021202756504 182.0734338880211 377.3728320347703 251.31213881425424 -456.30299977110343 -244.58175768578346 264.7642290126021 593.3906214039166 -321.63177099321126 472.4042035965889 383.8763938329243 356.01546526821994 -253.104219599548 344.56445812305003 49.98747719649869 -419.70885411664267 -242.06643035601246 -141.7873646917908 130.33417759979346 223.53110792498242 -141.83563109783387 202.53520917859944 -19.023882026636606 -695.6421758325453 141.39161468888406 141.67216583883294 107.86284100842148 -240.9015387737197 157.81841098410973 -283.8769733877815 34.32651319242981 -641.373164288251 -234.94643697712326 -22.706262553275995 -425.45581764489043 11.193766097734013 25.554032741252513 158.95184771988247 -72.22443448273718 -308.7439370270359 413.69922026793716 -110.34292727497757 -266.68512318154797 -417.18402632694676 -90.8564489758258 117.744134888996 137.99669102972837 149.0434501067036 517.7575352938065 -285.49985454939156 -407.34106306893653 -173.24446155222614 155.1563647047431 -86.08457305594015 -219.32962674490716 371.67801893001285 84.95616214587433 373.1685427054596 462.62897447934995 444.2091035014687 481.77115492898184 -0.6223824517573107 -3.132424307440367 -306.4800398454515 56.34549012122588 107.58482597045135 -39.396002166332494 -254.83882622205795 -29.912502220274774 149.77166512579478 212.01358878458964 163.84838743972313 -390.17791491609904 -645.3135018689687 532.0653095005263 438.51119004643084 -216.593429479392 -608.248703176919 525.2155682964978 -35.13520855942875 -803.8515884996092 -145.22104643661095 -31.343418332183735 -113.05884079338531 -400.66518229316114 73.92103180794132 50.456058552011044 -34.55281124722509 208.34870215429046 -126.47724527206816 -139.23202783000528 130.55601923249282 -16.09990373390351
91.75420999414276 -117.85711081079108 -368.0086515210642 -228.90012391034378 3048.770081393899 466.110036172054 271.46865676272006 157.31085451827212 249.0983802547426 -498.58079346951513 -463.4786232700311 332.45386190973534 162.62141268075862 224.3070640773761 -289.6358599325462 45.840285031483646 -463.03608375476705 -62.66777989949354 -59.81052532555732 124.1485082417753 -74.79992726182168 75.15463691444717 342.635439528708 -141.35304168044442 736.4295418430828 4.357386932508718 -34.423786336556525 53.69988544434489 338.5886288766158 357.3876448059727 220.2568244425791 -209.60633513779464 90.80028475722904 100.45100445403662 -69.94835036523787 -47.40195307931015 365.58997876044157 -422.4532283596928 597.3320294736811 62.63116181432128 -12.400101359310566 -6.951636916673557 -438.05854126807435 198.77358930623998 442.9955055568025 138.59495101131088 -247.1672658371617 38.00310790813985 -179.98934751890891 -611.6729149180076 341.3012695480238 -53.15507981187613 -435.47901033442747 -24.924275342370226 257.764667068818 59.11150996790532 5.173499965115338 184.8262963057982 -362.82014316016205 -256.0473069798017 249.96647361221113 269.49403767476844 -203.78065982994278 497.6695117208492 -394.3966875937516 -318.6873403246512 504.38593655791567 395.7599652272831 278.87315579398893 481.51483390650367 -229.04518460352799 154.7580058997663 22.740174807251442 184.89510100200604 -55.07604479046704 17.434733521742224 207.9861634340548 348.06037013257566 -212.85609362055047 -466.61169619118874 -6.193675795288578 -462.76082611726724 -320.9377452199857 -120.97912926790838 665.8365032143419 -95.40995633006217 -293.6896217968974 -421.82988555235215 -140.76292209822435 -218.5851558414215 -374.9015681929536 -178.30160073195447 -61.714439595651626 113.76893127262898 511.3894571690439 -101.9188542759262 91.84099217261458 797.1042378535549 17.789256998378598 -325.9370400037073
236.22240151049516 594.5076210376549 -96.0061759967983 265.0228105811377 466.110036172054 3644.438064769873 184.72454860878548 -320.7071039429557 -484.60127095224004 -160.7031976293308 -317.73451897496017 112.15896349459844 353.3951122154433 -447.40526162691754 -292.80994572119374 135.44400569125685 -72.73177911825766 34.47769668839689 151.4320292117192 120.42111376399613 -347.3255851659095 -107.79608943522416 -214.8545500489819 -166.3694515485001 267.96961281017735 -171.03173180365624 1.3725018786393584 406.91145384140896 176.3080415361079 -767.7192403598336 20.152848958373617 -118.82806479802483 -244.71550672639896 -146.18804277641647 -301.62843658322646 -347.96887273651765 937.9445612831356 -102.09453669079649 774.6441622881304 -360.1731368240684 223.86645323464745 436.93379837634325 445.0869791839072 92.27797221647218 -95.09587505031136 65.9426895356105 359.9667375628716 -136.85301126565025 349.91228418563685 255.64136839706495 637.7661255892469 69.11126393029849 -595.3349425301786 -121.35873471780253 6.899770246589249 70.31072794041951 243.1696993565257 267.4904775451624 8.967909188862677 425.7820844462085 -425.5786789635033 527.5637677036682 6.726850480985629 -465.71721966427833 622.9336174330259 -150.09898044810237 -11.192283946656186 19.044245786264373 162.9367186047428 199.8249083027438 -502.643615081242 -440.7639554428189 -363.07319973397233 633.4337184350554 281.2606953332738 170.01608965856684 567.9144780921497 -422.34680550828364 144.73815719993354 259.8650932402361 627.7142662812915 84.66817058134387 -205.94218440787574 -658.8159810317676 -92.2985511225435 37.249437239725836 -80.77276865405629 45.607157182142544 181.97932334242802 142.2035568369646 658.5103932761226 -552.039569529366 46.05659761550155 650.5033660798082 -279.8826027750873 207.35030756180166 547.1788434389878 415.4829180252477 -654.9293933052674 76.26018367763774
-264.7456642797603 596.462210663201 -707.0983817000366 77.26527725755969 271.46865676272006 184.72454860878548 3568.5957597327274 -288.3082501312727 543.251065299149 382.89782657760423 -4.848056298539767 -199.4646827260557 164.43839131500553 -77.82839048126236 -241.48252983410234 -253.15412858036007 -385.5551408025338 881.8457789958595 642.5744688757759 -519.1240447453192 580.9838360627213 308.50794620237804 17.487942076977184 -282.666507162831 -113.20264858427161 885.726776071654 -241.82659624966593 6.750060422763212 -183.19846530394403 6.091785311669106 941.9879880746392 219.71508427756928 -410.39907423925985 243.75486784922364 -211.51865054831066 200.96254331190477 -604.4237278669559 -3.303074246107312 -748.7356974518789 547.2754131564667 323.6932940331496 -245.35908891428795 450.82693558979776 -229.17042652235838 479.970090384336 -491.97766323824834 -331.2962163012316 287.8226932972404 192.37791671262454 -119.18423641973358 186.3104305182179 -113.39295075576109 -448.00536685170545 133.14149881954899 -851.4802179201088 639.1981313432296 14.38705197390981 242.78795026568014 256.1417964931303 -613.1861417465846 394.910857926754 -435.28189523733266 -378.99779996599585 63.38558929125486 425.66007273662535 392.8594381943541 -238.70021975911283 120.25118386887551 -217.62088146708464 -346.4256409095542 205.57667330813723 -102.07589027002004 -176.00489582746718 189.74327628525452 -199.6127749841168 -170.75960112839147 -51.064293936754886 335.2597922170742 431.14954966713884 -416.71807655171864 -136.1781842309426 -172.5153102420112 317.19369955451845 210.23412585578927 -250.39879366458828 274.04983941669485 -828.6040599811888 -334.01502601566267 -188.11933266974583 203.90103789347413 548.3788403205665 745.0072734786827 -279.43514653583185 -52.04103498079002 560.6437029724399 -142.20662359805326 -272.3464197408234 73.04306407061225 -151.8728265227315 -615.9239976632924
-396.0028389110331 507.2554502920457 -68.54747178344725 36.535021202756504 157.31085451827212 -320.7071039429557 -288.3082501312727 3299.2332481157687 603.3732683375604 -169.13623337005143 -330.8591918963199 69.9861318191229 810.9251120160083 -175.94270731620637 351.43347179256114 -267.32982546186645 -341.33618939808696 -9.291411238929783 467.5612320634563 -280.84304616770197 638.5119456531673 -45.60882635598057 171.66493512942785 498.90070391546266 74.00099473131856 395.7503272239855 -545.2093465705522 -4.680542380516499 -329.1754393824429 764.4764673346854 -120.93052333808183 238.71859608136265 75.14665533699096 -93.89418999771605 -543.9965411404637 -238.97345843649452 -179.19373325137144 -140.55390528121922 698.8599036454103 337.0178759033164 -217.5406654425622 -213.9132418017557 -311.7423824962828 249.65809434180613 42.07918773880941 156.8430376304378 222.47638328646178 80.97788682643632 -239.0990231794225 -495.56340268562536 -389.7466157248542 -262.16241004986745 -302.23817130748154 -108.40698073152198 201.47956091311733 -300.67775023658345 -87.33376598200391 -308.91928432939915 -36.41468789767035 -116.52819265084949 171.56957730703766 -54.744317495033954 -72.27723503214602 -493.1230445031298 84.31981077075469 -59.431274609247595 -55.332648945100885 221.97771947704877 -384.81258819600913 -153.88410501873892 465.5852657689216 -46.922679889824906 -257.05992375476785 -465.8245508946992 218.07253335655193 508.55593767682996 177.15240744223198 410.8473565711699 160.29249831189253 -74.15240527662766 -451.34018742071396 -132.77092024794766 297.4297787974764 -67.29370862444027 -243.37300533773447 -22.55504821338848 -221.49625686462903 491.86969678007966 -73.59854312660639 382.5410545610283 -504.066081933188 90.17009362832567 -566.5464680924046 -81.85657228643498 590.2567107597597 -159.38054371398394 190.86568019352973 175.10977624880888 528.3188978755541 199.53268084114828
-237.44413521526707 463.35448435798867 -452.5214754853108 182.0734338880211 249.0983802547426 -484.60127095224004 543.251065299149 603.3732683375604 3547.7701958443245 -109.88516876728087 -16.758207048711576 -117.61631173496033 395.1332302912012 119.51929480911835 292.4549650411191 -290.42499876702084 370.0795387627012 -5.167104280826933 -153.45448470392844 -71.75260119336248 112.09737202819002 -123.84352958106612 -226.51257491469255 -277.05353288198467 -33.71503728086793 53.194033296821516 165.74503921030518 -22.224023488577224 -470.7585437608622 585.2877677391444 222.29004543953596 256.30958614777364 -31.294152432068877 302.58796988661624 120.67329472154772 460.67544315178554 324.6357552806424 60.94513323577802 -152.68244477200932 52.00202064120032 -321.851720962296 -522.3250420907051 130.01101799512134 -168.0928339034513 66.57079659609403 -963.2116506695806 -210.15244308298557 -216.53250393380918 -45.02726732206935 -18.794287853699835 484.42946665545924 -337.7934603865448 85.04986771861239 -222.92971332931697 230.87494108065167 -200.94953338296608 -368.6087943346116 -190.96573829792274 -467.84600200478894 -106.02070650113758 920.0566641365132 -529.8332069104833 126.2142252462596 223.37708083218615 863.1841145543128 -146.980873634031 168.47439645028254 -104.21441346347997 -510.70721708761494 263.1929042892663 -222.32361750419247 -355.35542791778204 -322.43753379447145 -45.54230758876022 -52.616978303211326 -259.97793950690266 -274.7293091937007 170.40218024450982 825.8569847040069 30.7972407559009 192.49728072448175 185.532664293269 121.63886332867827 -416.9543203716231 66.65432230059656 -72.17117718723719 30.142206103796084 217.38623481802958 -628.4160863229245 317.67924871139934 -266.23459583257466 -91.69375024030651 -30.53030873555509 -54.88945984602414 -37.24585170633473 26.53743354153128 -436.39392027261823 250.52665326915854 364.67577273016394 -522.2278291743083
170.09698475885125 27.97315336101427 -574.4021566961453 377.3728320347703 -498.58079346951513 -160.7031976293308 382.89782657760423 -169.13623337005143 -109.88516876728087 3113.2091542338653 -151.80237850187302 -240.0737497873107 -58.5788027964273 251.79661329982392 -235.09568853728138 -458.18997408867017 7.724700282061374 -407.3290196534233 139.17259120976797 -99.09192360833951 166.55809358112498 474.8067806009174 -562.5182226996016 432.63259195724635 -429.8547069878328 131.96404832016154 20.03913948358858 223.48443071937083 -461.16405881388357 -62.10470443123405 -245.24535795337775 -43.20700339017898 272.7914815398003 158.6451657226776 -59.18793865382176 224.61610070865405 -181.16802036743294 391.9651492203535 -68.9393570695469 -65.78812947964046 -468.13682915969247 -45.88231378767097 -589.8611120264593 -145.5158391810118 169.90895503347002 144.45738474836688 -6.630018975264285 24.408694914398566 244.82368774225705 538.8124854356848 -267.00201835724044 -82.45854335910205 196.53950384105968 13.61751651982675 -485.6592316532804 185.14182850391583 460.1805186110957 474.8062857456828 -298.5420083376098 689.2617351661091 72.8105973650372 -327.6710165371777 78.0485632213588 -175.99146025476068 -739.1658045033608 276.32118975065856 196.5385999639165 -313.11741870664366 119.03710540604659 -97.61352866223582 239.78413538756868 198.767301135575 304.5043734349576 -133.41055100594943 -429.1222609142277 -184.41950610825782 -156.66899034183686 290.93892621204435 83.67231722105008 -149.9153331545962 -6.847504975955222 13.666622473242326 148.60166821215003 78.97794588151288 -237.4014346206418 -500.259965121603 -252.82951205697805 -204.36205317692176 618.5899841674022 43.61826486803087 31.560557078699205 126.14984600094722 79.34977484957 -356.5741970037651 -355.4978303058063 111.0820400149019 -104.05193125831332 -157.82343365738157 -213.45276360462282 193.33731558400103
-6.141868762061513 -133.12269374290386 268.15634363184705 251.31213881425424 -463.4786232700311 -317.73451897496017 -4.848056298539767 -330.8591918963199 -16.758207048711576 -151.80237850187302 3213.672499993789 -602.4252943864141 -489.30906784362026 95.60095639127195 -108.59755930380503 -348.88402845145833 191.77892149941027 -567.3998976002196 122.28113610822983 30.732026383352697 -862.1846482269207 300.36585430589275 -565.1520943612622 125.18177507065275 -190.05720386794536 381.2419197029972 326.40806047565746 429.47434448194065 139.63698272387433 -227.48306844135251 -233.18963777828063 -45.72108641127228 -633.6308113268312 433.3849698129306 -160.90223409181115 222.56853423710248 -55.73811873895059 -150.336648786759 213.8372244458468 304.9281664315581 185.0579382796729 -35.27777879202339 522.106061585804 -106.12280456306962 -36.17168947368604 167.70510450644352 -171.03545025361103 224.8264465865862 -816.568284901008 414.8136354758714 -17.35862260548356 174.17313213114102 -428.06849745175333 119.76235368155668 699.932976783037 -79.36251504215127 -365.1094067818123 -136.29236015725292 -225.15349630863275 -350.974022547494 -153.48908607915314 -368.574187138199 -33.65336266731594 -356.10992559623793 -121.34435719231443 96.09951214556736 149.9933369320523 -707.4294313375489 -64.91806630224899 125.37656694231164 59.20799533264683 139.29683415400075 -262.642635703893 -150.55188251739412 -217.19913804321448 429.0106727762172 -609.5182918830359 -506.53303318056044 32.602992043992664 43.30881345947343 -380.94344974565735 337.8656480214323 -725.2822337282643 300.90934032262487 -153.03002324749139 31.792125855266647 155.80960269048916 -10.45666007401979 -354.8592344142584 -367.4920422877623 20.643295898499368 367.8641345329695 -233.01587237005003 -206.4587703674994 751.5174445308087 409.4887481939282 -372.18768219929433 -330.3006891690475 -12.95102285213791 -470.0587797962901
249.16139779636285 380.28364376188546 95.71375399884651 -456.30299977110343 332.45386190973534 112.15896349459844 -199.4646827260557 69.9861318191229 -117.61631173496033 -240.0737497873107 -602.4252943864141 3751.3867832096853 305.00284550832095 -78.42471022826145 -253.66624586366112 610.4022580596137 -214.1388069921768 -487.5296305674507 -116.08869371283599 587.3636382494841 378.63266393373794 -238.477654754403 9.436119454806917 -185.21938721376446 52.79590872845133 -430.5151560085376 757.8447898966605 -605.0479728262645 512.3002314733627 -445.99007535301706 299.24580594341097 502.0328863433512 362.3380337593398 219.89190089545164 -599.6654291822558 -259.9955083706506 -242.15876030982724 447.0680798898293 114.52597117201697 -297.0502683028544 43.347212594979155 25.48456252631204 -298.5173612533705 -364.0057611289526 -162.23221657292297 222.85226433292246 254.8049509880977 -284.16387242556186 -292.2332047436134 -85.6817738159117 501.8871554141234 70.61412256352727 100.16300763050097 84.19073375010679 192.96245685084395 -479.92026363539344 263.1230088227587 -63.731160626834885 469.6885014528291 220.91156722448954 -773.6557642430652 542.0162520141517 331.6650695390483 12.934729109870503 16.972209062178443 -412.37737120152406 70.99829840187321 273.80509804164774 -435.8875653448801 -347.59191915757566 -162.32024679722434 -196.55831188015006 106.28682574525494 107.39793912417726 127.22179259159478 275.0860013936436 52.55801507563457 6.725833858964393 -34.216964312438776 -39.91435594700822 -462.3815677964049 -60.66938476781869 327.07099160205433 -519.131615175806 -65.96247155867395 114.91626089925607 -16.77312524745575 95.85774692188058 -48.912451985216705 -38.70516375199261 406.6157151204461 -216.64412276233378 16.52093340422549 97.2652841788811 -883.7788795520415 -82.69113869716493 -26.108810550463502 -234.5996353319621 -664.5914517754225 365.9183413171273
80.78036400477362 305.70063196356085 -237.74320506817227 -244.58175768578346 162.62141268075862 353.3951122154433 164.43839131500553 810.9251120160083 395.1332302912012 -58.5788027964273 -489.30906784362026 305.00284550832095 3223.533151603124 -336.8571121971145 171.28919694141064 -18.49681712786777 123.04453241603373 241.3209754130676 -58.088341496537865 -294.9141424275384 124.22404893419427 110.64383432749577 -74.68507267273137 49.869442823197986 -199.9260038052763 -168.22562823353974 -419.6843214573977 -507.7766366591804 -337.99771764417204 171.3773280568737 200.74244225741555 343.1266936687903 -325.0685342797795 169.80577696388153 227.9656640243614 40.06512476069493 38.73954926649157 325.22776912400116 153.9976075670689 158.84478324883796 -147.52637891282936 -98.69017488203426 64.64703171477183 157.1643103844276 172.1038947024361 318.2874936927699 142.8796344026797 235.05768598870256 -41.346857828092965 -441.45900033340297 335.5052448097795 -53.004434446353386 -728.0738992643995 372.8751044194374 242.232949299776 -408.2149744198113 85.82472003663403 -13.418939662389016 -66.60486076324744 38.800058429465416 -17.971905874388646 -145.18042549058728 -168.12712068129838 -303.8854252933273 -88.69307644841419 -167.31613083005587 -163.94956706934823 -439.4548736784168 47.97467771745074 289.89310893042637 -4.208327733184149 47.00054141545061 -487.7845357955811 -130.87191581570607 187.18633215024352 -188.06074106433957 386.42667111835146 -117.1441275905358 305.2084187864838 171.1850909785862 79.58243313150564 -275.30422233087756 518.7335365926427 -244.8126231186883 80.6642802373349 140.25314289486386 -80.41303292655195 392.0540196106268 -452.79595090805014 131.88719499515864 -136.98167928217518 40.922182284921504 337.3582002195664 -14.924890994716211 -210.6635403177614 -50.985704895077156 152.2170921910724 -80.9434578968769 -147.5744266690538 -358.1410462235108
-72.04117742635688 -257.3163105324533 -31.628407343387 264.7642290126021 224.3070640773761 -447.40526162691754 -77.82839048126236 -175.94270731620637 119.51929480911835 251.79661329982392 95.60095639127195 -78.42471022826145 -336.8571121971145 3048.8797178139434 77.50805419005809 -167.53707965555336 -474.26699112595895 588.6380280444522 -291.5965803929527 -22.74652449695831 -290.53689882496565 -778.6262395581044 321.23188403587835 32.74859430893058 72.21291779960274 -759.7561927434276 -463.1190383445402 221.27121659452928 312.3251477573963 -22.334911248907446 -165.1206335424436 75.36966363147187 826.7248688296729 -50.768814893653904 295.15217552227745 438.6703845718569 -20.82849407873101 -609.9979366554174 51.42856209596836 -14.670032946449586 300.60508059532447 -276.57684244488235 -338.06493591442967 156.75743424630747 144.31847072210468 -397.0817637814259 228.28005112025915 -434.2361157330971 182.62501465599672 8.158066596120111 -44.517601756817015 32.069863923674646 437.7878700573212 293.90246502784044 60.90497531252932 55.66345940501315 434.96321622877156 -106.7872943810789 -301.7789046573918 -205.6714813899049 -7.420695477239583 138.46458190456033 -160.60088011844854 33.95248958835088 -523.6739602021715 401.2430321367946 684.2929101706422 46.31313742421497 231.03003919579174 178.6705668662502 -385.8783816863769 195.80356788892087 186.32731388725918 152.3554106745319 321.0202287056119 292.5240592104641 -517.2014236231561 -308.6677633085153 -75.04870777849459 262.46424391688265 -445.62039861714464 -165.3515120517848 -312.0141859322055 123.46213635265612 153.95544579397824 -58.52472326179675 17.191120092774327 -368.96806198221793 -284.2007299562308 10.60026345013172 -442.4527832455497 -447.9109472640572 180.4896130143228 354.4464718300126 -26.502504076555027 -210.51369460372857 187.91802620359977 -342.0290090708198 711.4704804683494 159.85030631083504
-255.03774670752568 382.2828999764233 498.30670154448455 593.3906214039166 -289.6358599325462 -292.80994572119374 -241.48252983410234 351.43347179256114 292.4549650411191 -235.09568853728138 -108.59755930380503 -253.66624586366112 171.28919694141064 77.50805419005809 3138.9633230140835 48.66347741143406 -103.70347980564523 136.09207287781308 -119.95987764434665 -163.56946016556583 -98.4601055678296 43.122102374664145 270.7271565680461 -479.3741258027413 -312.6309488426758 -782.7393969233285 -273.76720814812023 -130.90928944690043 225.02358854604108 -87.71877372154475 14.953066519434499 -55.06497794827893 70.72068352978987 -114.45262338503987 96.61940905532715 -316.9157630014224 320.2471192483845 87.25528826115777 -11.727714036371754 233.22215980803267 90.37384534196646 -140.51535981897774 234.23540191124664 136.16285635603637 394.5940149925394 -70.93817970236515 -465.84782502257775 213.92999861330284 400.7731946284695 229.1388494934782 -75.14142473435523 -13.449918805336313 -115.66570097228612 52.70181667239457 516.433731803497 645.8566511098265 -564.457495157522 397.42690544069006 419.9729013587761 -474.50133131482875 -705.4914039896082 -157.83430413183302 356.42424530040864 311.15826160816755 404.13735210260984 179.5790992181216 178.2205860643169 -199.51951920048185 -206.26095543965639 78.54277348162638 -145.22413740741905 -100.57810795393398 -4.208116444612852 -247.84099232327378 595.7809311096504 -290.4196925723652 -155.31135364903082 10.416748832554461 -164.44653607846902 -69.54806066059618 -164.4395773416378 299.95691155292707 626.8784325861874 435.0461093490129 -561.7949794443233 -236.0590228915358 -74.33212413871114 -508.31362420191266 -25.337811357664116 -6.824951043510694 -759.9041898097081 576.5652719028996 0.9868208065653126 -28.089926260669767 -559.5007364746017 -84.19781167763685 -521.3374532420754 269.0321546675136 780.7982168310743 -206.49583412871266
96.1791908191818 -11.532862784686714 171.23759980215408 -321.63177099321126 45.840285031483646 135.44400569125685 -253.15412858036007 -267.32982546186645 -290.42499876702084 -458.18997408867017 -348.88402845145833 610.4022580596137 -18.49681712786777 -167.53707965555336 48.66347741143406 2999.914067170109 15.549781197674143 -134.88279520643465 -85.58088679264677 427.296859214475 -289.3096176677383 96.78580375704018 427.01746370332387 68.93855047631476 825.9186302025691 14.248209258220676 -6.395228988559004 427.5118845235774 -53.68613639553358 240.4246414596838 615.6211843546248 -130.00021197062958 125.32166696221461 -306.7193452868048 380.6983880066501 -295.720669173063 512.4189104743199 290.5398763661223 -474.3116571259938 159.93565717043865 146.4777858051616 213.43002690581824 -295.2286517845793 -300.52423308418736 366.81650288186364 58.21712807145882 -167.15584633512387 302.21284549268404 250.88152023359498 -502.57704735550294 403.1244042657245 -26.70796096851555 216.86919593201844 -375.1393510947506 116.47081013832259 -10.128771801802245 -23.410783967111033 555.0917266725522 344.0232364554675 31.356308846032682 -183.28842732908726 -363.31899937479426 17.61242793890896 -132.03452225722606 -65.5712497663769 -84.12406947842005 143.97450620909297 402.3770474098225 -258.33724900019564 538.8297343200971 37.36498249120423 -441.13885077534417 -350.44391667522024 -574.7950344445526 -126.97231776664678 242.37877055292148 19.629720932715564 39.1666674959921 81.14014801915768 -203.87828790899763 374.14899075948864 124.01710486593282 257.47052085834275 129.16535804595344 -221.72248919318878 4.792387529303386 170.0846404897144 324.45238477048196 -49.01664547512027 577.1589164910854 -280.7579670092846 -192.20076659674166 147.3416444375796 550.9180360091472 -348.12562265450106 156.47236236907386 -191.51233170177366 25.453016254587922 -573.1200736043721 280.1193027289697
-210.53401460904826 364.42645569935166 67.44229667413259 472.4042035965889 -463.03608375476705 -72.73177911825766 -385.5551408025338 -341.33618939808696 370.0795387627012 7.724700282061374 191.77892149941027 -214.1388069921768 123.04453241603373 -474.26699112595895 -103.70347980564523 15.549781197674143 3281.0279671759868 219.17607090334823 -418.4468178315009 -366.80878482954057 293.6620734456054 -131.15652638173387 -156.17062565039708 75.20361527702345 115.44882879639621 -139.0933680083479 249.40587433693224 -256.5642452342141 -206.76375357338713 535.6034383293609 -482.1253318981939 -126.23597639919218 -57.074146821742744 714.3507668715919 -192.7715723987062 -169.16157308124355 251.62390459306746 391.0807080394361 -116.5899152847655 -244.3474710795821 78.65958568785521 -156.34641475742268 112.05095102396787 -460.71373824317635 7.165551432772327 -525.1635688373651 -496.0171483773607 52.14398295730695 -0.20940827450509403 357.27439106993336 281.14708648311586 513.7793243832436 82.25011940242298 240.4960416856616 432.49309753562915 -229.70518878096829 -124.35258434596163 -206.3320395959113 -125.70311375943642 457.62879422995184 196.7586302166115 -482.28041892967633 -158.1291537700816 5.653839534933596 560.9619701547094 -149.000382218023 -217.64523099425585 -159.97694359132382 -195.30728008795504 -221.66423411671636 -90.36825935928434 -100.95926884868877 -400.5262729282394 -11.2629204516108 -97.78962265988449 68.4933131739467 91.1584490856948 435.23107451270675 -229.2194241028834 62.58910250534089 281.15309243643395 -83.82792112187155 146.99807393503716 -247.93172901984838 54.301843013217024 -157.05504109467694 166.09568931794524 -329.10347239856526 206.65820487667207 195.37861549752117 -233.9877598359207 188.9125540257218 296.7147058595593 -7.441088640586877 185.18898927880082 468.812408419071 15.471002159949528 -258.0533893695462 -554.6182429612161 -494.08408058093715
-300.2421228828378 873.377501258682 -113.48594195640933 383.8763938329243 -62.66777989949354 34.47769668839689 881.8457789958595 -9.291411238929783 -5.167104280826933 -407.3290196534233 -567.3998976002196 -487.5296305674507 241.3209754130676 588.6380280444522 136.09207287781308 -134.88279520643465 219.17607090334823 3967.0083786644623 258.9372090996174 -473.59496155835194 203.98349050070044 -177.9302669312184 231.1045876782186 -254.04795905547064 131.57155387360018 -355.7986941633364 -690.5307756041939 -369.77367056550224 -57.94265755717204 452.39026201047665 -210.71336806900163 -209.70277685881874 10.711522730267077 14.020394033375547 880.6563098770109 210.6777032078424 -253.82236721056506 751.8663911603568 -301.90068666929784 327.4449418428256 242.08949107642573 -576.6093734145898 179.857332079317 547.3785885343102 313.817501747811 -519.4694248650686 -507.59383368164436 -583.0965951632284 180.0433099246659 -628.0585931275626 -488.69828456547907 400.4217586813422 -99.96262790375499 131.82051677142832 -423.64669034202194 -278.90217266539213 405.92361305363033 57.85408168597934 493.7010662326969 -855.5263747232408 229.48214833186967 -154.24353422535103 -300.0338706646786 344.2353278872054 551.3010111673914 33.33202203336587 279.4717758523448 148.70547171567708 -16.21740055707371 -336.04149380297844 -204.42529956762212 392.5790131530201 118.79469977142585 341.16469209085164 20.61807779260417 -125.75523971274492 -12.957346685327522 227.98407426954512 168.7425429301269 5.209046828123206 -169.77884680567553 -700.8819789608987 238.68703095105028 333.3579965429289 -265.91437984501704 72.84571783882267 -579.3759006434905 -456.84972282310076 129.23350704375417 105.35096801619088 330.15730065528817 195.56266854707368 -616.0759719113963 106.2036014273823 205.5519482422158 -226.29568085046733 -228.2653344829011 -66.09036324472976 -29.400928920420526 -277.6542422603295
-219.77993886799953 235.28095569693102 565.3809710739148 356.01546526821994 -59.81052532555732 151.4320292117192 642.5744688757759 467.5612320634563 -153.45448470392844 139.17259120976797 122.28113610822983 -116.08869371283599 -58.088341496537865 -291.5965803929527 -119.95987764434665 -85.58088679264677 -418.4468178315009 258.9372090996174 3500.5301190010596 -111.49661953278759 441.16007096284477 603.8277094526732 -289.51565535827507 433.20759471450225 351.99073769777135 318.4345833968882 353.9262375533549 158.10284707156893 -167.84057648641257 -408.715330726973 101.39114762088624 -188.2090092288021 -213.39573734071786 -390.7236089966699 215.825857814725 175.8119805408943 -138.308294640223 -436.71488634340193 261.259649094535 -151.38514093290726 -127.81968116610227 -340.36507807017074 456.66779145625054 85.05105911438123 -414.2097083627164 -390.2157617360318 297.8921193875775 315.9207246649548 231.54295826639088 -190.1192784764025 -84.37077477252495 -99.98859881652956 -236.33505768994942 343.54926210165905 431.7756327573124 350.81844546241075 1.2964210323922738 -89.63057422255817 -654.4763522246201 518.5920654348259 158.32163355544145 315.28649887080184 81.09769744677413 -793.5342763883283 510.63653748580793 512.9751623289927 165.82364117832566 14.272922395364308 493.9362310116408 731.5451163785574 -287.46398921206287 -194.64229972100946 -483.1727409191976 55.78636026444436 -476.00744643951 489.60280844392577 -178.0672258157304 321.69029550324814 -33.36601923276055 202.7439203941534 95.4901996550725 -232.69228185774747 -217.0246162847823 207.73826861243774 160.201237691566 -173.52004803119868 -762.3748981093476 33.87294033072972 198.72031029255095 239.14428591864282 526.5843467845318 324.7902097084265 -367.6372742930259 419.9543173017427 239.19094718490862 330.111430037058 368.33085222348825 -193.62075230094712 183.05862673335037 -700.8668886326201
-655.5618996908739 -539.6708750454973 98.40276190443852 -253.104219599548 124.1485082417753 120.42111376399613 -519.1240447453192 -280.84304616770197 -71.75260119336248 -99.09192360833951 30.732026383352697 587.3636382494841 -294.9141424275384 -22.74652449695831 -163.56946016556583 427.296859214475 -366.80878482954057 -473.59496155835194 -111.49661953278759 3176.79466108316 -409.33968400617164 263.44828232609956 65.19935298353568 59.132631647465026 577.4756191278153 257.85081980051245 -204.12879666793197 339.33986852276945 -329.337082642769 34.9505346554932 413.1728495203097 -496.7212778867008 -301.5060546056723 254.68684452604032 -91.15460626820189 228.76172816006752 260.5280593487046 -432.1034451089136 209.59490649523931 -271.3137727848219 -381.4340209152248 127.72118131278698 -15.835373369707805 -139.91954435079438 -246.73463352244073 -340.6118713139739 475.0808364666172 508.86758675164344 -382.62266783071135 579.8788436666961 586.2873820526503 224.3279541688526 177.71677202848244 184.45891538508232 -183.39061621036808 292.1636256390759 -37.09475536704849 54.570172836307535 455.07282419997546 21.469602616430123 -89.76716150116684 316.2055118922723 -168.09729628251702 -470.64358252630365 182.05785732382324 410.2105783065107 -396.9518830869009 94.60732179261872 -472.50261450618063 124.98999581333563 -426.11373764489457 -323.9267846685424 363.3823701680802 -81.24123032914554 105.07339374118841 246.05630526426734 197.64375956840067 -8.163814692382084 -144.41681807208298 284.3442764077587 99.33751776377271 295.71472703889236 -370.5664800009135 -214.15449753534202 48.12567170369094 -111.77490989086614 283.474835790959 662.2085722328015 12.751514022515211 357.5842343670803 567.7104915035997 -567.6529564829791 300.707128540643 253.26478030585812 -509.20644560141056 306.9989553491997 -73.12683641561665 5.8205332956830365 76.60616308696693 25.700740529299974
-494.7765961090388 69.01560740732482 -380.67547821055666 344.56445812305003 -74.79992726182168 -347.3255851659095 580.9838360627213 638.5119456531673 112.09737202819002 166.55809358112498 -862.1846482269207 378.63266393373794 124.22404893419427 -290.53689882496565 -98.4601055678296 -289.3096176677383 293.6620734456054 203.98349050070044 441.16007096284477 -409.33968400617164 3437.4726590184428 308.7071717077778 -184.16231764965733 683.8854726359777 -343.9886897745916 447.11497031667625 313.6031268560541 -422.75314321433723 202.44080090403483 -592.5157185726139 400.95666919693514 21.06862944639823 158.8029433230692 16.426235088254074 -741.3325265949237 197.995295424292 -519.2360890261922 -164.84143594020094 -686.4275732080243 235.49583920633495 -1.5629496614822322 143.20471114178918 -453.3627010603646 -442.4476959181993 477.88460525153266 83.12601724820365 301.2565789899961 -18.95148517807626 707.5682770471385 -419.0489826853574 -295.8484114905175 -261.17923313738817 -105.24603549436566 235.45898150390798 -379.41614487911136 448.9113793963176 -396.63559971303044 183.32445515849017 29.456214904385156 471.3290699645234 -148.94349242350248 -28.287787665364085 -144.30436435207173 444.7130072873562 28.20866180532913 397.4156075969466 -495.2210377325141 -97.2477646885958 -180.92276429311949 87.62203180089826 -61.258166200730024 142.8153770223959 165.73111384868324 102.50061852737682 156.64978293912304 -359.67740177719253 6.540927107825915 763.1453104810238 72.38489191317997 -395.34826167955424 448.0347658496639 -189.74529100540013 747.0609169488273 469.19443855487486 368.08047051696855 503.95674401420257 275.48250116072387 -499.73760124107156 -245.6377954281018 -3.0144820096132108 -47.960014652207626 229.87335052558268 58.244580263472805 683.4752808758401 629.0296421617012 -163.05631586260174 645.0708154904519 -457.8223362790144 453.32452812717787 -511.84644390131655
